name: gmsc-mapper
channels:
  - bioconda
  - anaconda
  - conda-forge
  - defaults
dependencies:
  - _libgcc_mutex=0.1=conda_forge
  - _openmp_mutex=4.5=2_gnu
  - atomicwrites=1.4.0=py_0
  - biopython=1.78=py310h7f8727e_0
  - blas=1.0=mkl
  - boost-cpp=1.74.0=h75c5d50_8
  - bottleneck=1.3.5=py310ha9d4c09_0
  - brotlipy=0.7.0=py310h5764c6d_1004
  - bwa=0.7.17=h7132678_9
  - bzip2=1.0.8=h7f98852_4
  - c-ares=1.18.1=h7f98852_0
  - ca-certificates=2022.07.19=h06a4308_0
  - certifi=2022.6.15=py310h06a4308_0
  - cffi=1.15.1=py310h255011f_0
  - charset-normalizer=2.1.1=pyhd8ed1ab_0
  - colorama=0.4.5=pyhd8ed1ab_0
  - conda=4.14.0=py310hff52083_0
  - conda-package-handling=1.8.1=py310h5764c6d_1
  - cryptography=37.0.4=py310h597c629_0
  - curl=7.84.0=h5eee18b_0
  - diamond=2.0.9=hdcc8f71_0
  - gawk=5.1.0=h7f98852_0
  - gettext=0.19.8.1=h73d1719_1008
  - htslib=1.14=h9093b5e_0
  - icu=70.1=h27087fc_0
  - idna=3.3=pyhd8ed1ab_0
  - intel-openmp=2021.4.0=h06a4308_3561
  - joblib=1.1.0=pyhd3eb1b0_0
  - k8=0.2.5=hd03093a_2
  - keyutils=1.6.1=h166bdaf_0
  - krb5=1.19.3=h3790be6_0
  - ld_impl_linux-64=2.36.1=hea4e1c9_2
  - libarchive=3.5.2=hb890918_3
  - libcurl=7.84.0=h91b91d3_0
  - libdeflate=1.7=h27cfd23_5
  - libedit=3.1.20191231=he28a2e2_2
  - libev=4.33=h516909a_1
  - libffi=3.4.2=h7f98852_5
  - libgcc-ng=12.1.0=h8d9b700_16
  - libgfortran-ng=7.5.0=ha8ba4b0_17
  - libgfortran4=7.5.0=ha8ba4b0_17
  - libgomp=12.1.0=h8d9b700_16
  - libiconv=1.16=h516909a_0
  - libidn2=2.3.3=h166bdaf_0
  - libmamba=0.25.0=hd8a31e3_2
  - libmambapy=0.25.0=py310hab0e683_2
  - libnghttp2=1.47.0=hdcd2b5c_1
  - libnsl=2.0.0=h7f98852_0
  - libsolv=0.7.22=h6239696_0
  - libsqlite=3.39.2=h753d276_1
  - libssh2=1.10.0=haa6b8db_3
  - libstdcxx-ng=12.1.0=ha89aaad_16
  - libunistring=0.9.10=h7f98852_0
  - libuuid=2.32.1=h7f98852_1000
  - libxml2=2.9.14=h22db469_4
  - libzlib=1.2.12=h166bdaf_2
  - lz4-c=1.9.3=h9c3ff4c_1
  - lzo=2.10=h516909a_1000
  - macrel=1.2.0=pyh5e36f6f_0
  - mamba=0.25.0=py310hf87f941_2
  - megahit=1.2.9=h2e03b76_1
  - minimap2=2.24=h7132678_1
  - mkl=2021.4.0=h06a4308_640
  - mkl-service=2.4.0=py310h7f8727e_0
  - mkl_fft=1.3.1=py310hd6ae3a3_0
  - mkl_random=1.2.2=py310h00e6091_0
  - mmseqs2=13.45111=h95f258a_1
  - ncurses=6.3=h27087fc_1
  - ngless=1.4.2=h9ee0642_0
  - numexpr=2.8.3=py310hcea2de6_0
  - numpy=1.23.1=py310h1794996_0
  - numpy-base=1.23.1=py310hcba007f_0
  - openssl=1.1.1q=h7f8727e_0
  - packaging=21.3=pyhd3eb1b0_0
  - paladin=1.4.6=h41a57b0_3
  - pandas=1.4.3=py310h6a678d5_0
  - perl=5.26.2=h14c3975_0
  - pip=22.2.2=pyhd8ed1ab_0
  - prodigal=2.6.3=hec16e2b_4
  - pybind11-abi=4=hd8ed1ab_3
  - pycosat=0.6.3=py310h5764c6d_1010
  - pycparser=2.21=pyhd8ed1ab_0
  - pyopenssl=22.0.0=pyhd8ed1ab_0
  - pyparsing=3.0.4=pyhd3eb1b0_0
  - pyrodigal=1.1.1=py310h1425a21_1
  - pysocks=1.7.1=py310hff52083_5
  - python=3.10.6=h582c2e5_0_cpython
  - python-dateutil=2.8.2=pyhd3eb1b0_0
  - python_abi=3.10=2_cp310
  - pytz=2022.1=py310h06a4308_0
  - readline=8.1.2=h0f457ee_0
  - reproc=14.2.3=h7f98852_0
  - reproc-cpp=14.2.3=h9c3ff4c_0
  - requests=2.28.1=pyhd8ed1ab_0
  - ruamel_yaml=0.15.80=py310h5764c6d_1007
  - samtools=1.15=h3843a85_0
  - scikit-learn=1.1.1=py310h6a678d5_0
  - scipy=1.7.3=py310hfa59a62_0
  - setuptools=65.2.0=py310hff52083_0
  - six=1.16.0=pyh6c4a22f_0
  - threadpoolctl=2.2.0=pyh0d69192_0
  - tk=8.6.12=h27826a3_0
  - toolz=0.12.0=pyhd8ed1ab_0
  - tqdm=4.64.0=pyhd8ed1ab_0
  - tzdata=2022c=h191b570_0
  - tzlocal=2.1=py310h06a4308_0
  - urllib3=1.26.11=pyhd8ed1ab_0
  - wget=1.20.3=ha56f1ee_1
  - wheel=0.37.1=pyhd8ed1ab_0
  - xz=5.2.6=h166bdaf_0
  - yaml=0.2.5=h7f98852_2
  - yaml-cpp=0.7.0=h27087fc_1
  - zlib=1.2.12=h7f8727e_2
  - zstd=1.5.2=h6239696_4
prefix: /home1/duanyq/.conda/envs/gmsc-mapper
